0 12.68 1 
Linear 9 0.02 
410.11 369.61 8.0248 381.34 343.04 12.721 430.65 335.94 8.4101 
410.11 369.61 8.0177 381.34 343.05 12.715 430.65 335.94 8.4031 
410.11 369.61 8.0126 381.35 343.05 12.71 430.65 335.95 8.3981 
410.12 369.62 8.0029 381.35 343.06 12.705 430.65 335.96 8.3914 
410.12 369.63 7.9938 381.35 343.07 12.699 430.66 335.96 8.3844 
410.12 369.63 7.992 381.36 343.07 12.697 430.66 335.96 8.3825 
410.13 369.64 7.9822 381.36 343.08 12.691 430.66 335.97 8.3747 
410.13 369.64 7.9761 381.37 343.08 12.687 430.67 335.98 8.3678 
410.15 369.65 7.9697 381.38 343.09 12.683 430.68 335.98 8.3593 
410.15 369.66 7.9656 381.38 343.1 12.681 430.68 335.99 8.3551 
410.15 369.66 7.9645 381.38 343.1 12.68 430.69 335.99 8.3541 
410.16 369.66 7.9632 381.39 343.1 12.679 430.69 335.99 8.3498 
410.16 369.66 7.9621 381.39 343.1 12.678 430.69 335.99 8.3476 
410.16 369.66 7.961 381.39 343.1 12.677 430.69 335.99 8.3455 
410.17 369.66 7.9575 381.4 343.1 12.676 430.7 335.99 8.3411 
410.17 369.66 7.9562 381.4 343.1 12.674 430.71 335.99 8.3376 
410.17 369.65 7.9567 381.4 343.09 12.674 430.71 335.99 8.3332 
410.16 369.65 7.9532 381.4 343.08 12.671 430.7 335.99 8.3254 
410.15 369.65 7.9521 381.39 343.08 12.671 430.69 335.99 8.3231 
410.13 369.65 7.9565 381.38 343.08 12.674 430.68 335.99 8.3274 
410.12 369.65 7.9597 381.37 343.07 12.677 430.68 336 8.3303 
410.11 369.66 7.9621 381.36 343.07 12.681 430.67 336.01 8.3346 
410.09 369.66 7.9671 381.35 343.08 12.685 430.65 336.01 8.3405 
410.07 369.67 7.974 381.33 343.08 12.691 430.64 336.02 8.3483 
410.06 369.68 7.9805 381.32 343.08 12.695 430.63 336.03 8.3548 
410.06 369.68 7.9862 381.32 343.09 12.699 430.62 336.04 8.3595 
410.05 369.68 7.9911 381.31 343.08 12.7 430.62 336.03 8.3614 
410.06 369.68 7.997 381.32 343.08 12.703 430.62 336.03 8.3642 
410.06 369.67 8.0082 381.32 343.08 12.71 430.63 336.03 8.3704 
410.06 369.67 8.018 381.32 343.08 12.715 430.63 336.02 8.3771 
410.06 369.67 8.0249 381.32 343.07 12.72 430.63 336.02 8.3809 
410.06 369.66 8.0299 381.32 343.07 12.723 430.63 336.02 8.3839 
410.06 369.66 8.0389 381.32 343.07 12.729 430.63 336.02 8.3909 
410.06 369.66 8.048 381.32 343.06 12.735 430.63 336.01 8.3969 
410.05 369.66 8.0529 381.32 343.06 12.738 430.63 336.01 8.4009 
410.05 369.65 8.0569 381.32 343.06 12.741 430.63 336.01 8.4028 
410.05 369.65 8.0636 381.32 343.05 12.744 430.63 336.01 8.4076 
410.05 369.64 8.0714 381.31 343.04 12.749 430.63 336 8.4132 
410.05 369.64 8.0753 381.31 343.04 12.75 430.63 336 8.415 
410.05 369.64 8.0773 381.31 343.04 12.751 430.62 336 8.416 
410.04 369.63 8.0833 381.31 343.03 12.756 430.62 335.99 8.4209 
410.03 369.62 8.0913 381.3 343.02 12.761 430.61 335.98 8.4259 
410.03 369.61 8.1003 381.29 343.01 12.767 430.61 335.97 8.4318 
410.01 369.59 8.1151 381.28 342.99 12.777 430.59 335.96 8.4395 
409.99 369.57 8.1321 381.26 342.96 12.787 430.58 335.93 8.4485 
409.98 369.56 8.142 381.25 342.95 12.795 430.56 335.92 8.4535 
409.98 369.54 8.154 381.24 342.93 12.801 430.56 335.9 8.4574 
409.97 369.53 8.1626 381.24 342.92 12.806 430.55 335.88 8.461 
409.97 369.51 8.169 381.23 342.91 12.808 430.54 335.87 8.4625 
409.97 369.51 8.1743 381.23 342.9 12.81 430.54 335.86 8.4638 
409.97 369.5 8.1815 381.23 342.89 12.812 430.55 335.85 8.4659 
409.97 369.49 8.1842 381.24 342.89 12.814 430.55 335.85 8.4676 
409.98 369.49 8.1878 381.24 342.88 12.814 430.55 335.85 8.4682 
409.98 369.49 8.1914 381.24 342.88 12.817 430.55 335.84 8.4708 
409.98 369.49 8.1942 381.24 342.88 12.818 430.55 335.84 8.4727 
409.98 369.48 8.1978 381.24 342.88 12.819 430.55 335.84 8.4733 
409.98 369.48 8.2016 381.24 342.87 12.821 430.55 335.84 8.4761 
409.98 369.48 8.2045 381.24 342.87 12.823 430.55 335.83 8.4769 
409.98 369.48 8.2075 381.24 342.87 12.824 430.55 335.83 8.4789 
409.98 369.48 8.2075 381.24 342.87 12.824 430.55 335.83 8.4789 
409.98 369.48 8.2075 381.24 342.87 12.824 430.55 335.83 8.4789 
409.98 369.48 8.2075 381.24 342.87 12.824 430.55 335.83 8.4789 
409.98 369.47 8.2112 381.24 342.86 12.827 430.56 335.83 8.4815 
409.98 369.47 8.2146 381.25 342.86 12.831 430.56 335.83 8.485 
409.99 369.47 8.2173 381.25 342.86 12.837 430.56 335.82 8.4896 
409.99 369.46 8.2235 381.25 342.86 12.845 430.56 335.82 8.498 
409.99 369.46 8.2292 381.26 342.85 12.854 430.57 335.82 8.5057 
410 369.46 8.2419 381.26 342.85 12.873 430.57 335.81 8.5254 
409.99 369.45 8.291 381.25 342.85 12.939 430.56 335.8 8.5949 
409.94 369.44 8.4162 381.19 342.86 13.098 430.5 335.79 8.7718 
409.82 369.44 8.6052 381.06 342.89 13.337 430.36 335.78 9.048 
409.68 369.43 8.8506 380.89 342.91 13.628 430.2 335.76 9.396 
409.57 369.44 9.106 380.76 342.95 13.953 430.06 335.75 9.7813 
409.47 369.48 9.4582 380.64 343.03 14.385 429.94 335.79 10.28 
409.41 369.54 9.8032 380.57 343.11 14.831 429.88 335.84 10.787 
409.38 369.57 10.025 380.54 343.16 15.141 429.84 335.87 11.13 
409.35 369.58 10.214 380.51 343.18 15.361 429.81 335.88 11.376 
409.34 369.59 10.389 380.49 343.2 15.583 429.8 335.9 11.623 
409.3 369.64 10.59 380.46 343.27 15.864 429.77 335.96 11.935 
409.26 369.75 10.879 380.41 343.4 16.258 429.72 336.07 12.376 
409.21 369.85 11.279 380.35 343.53 16.789 429.66 336.17 12.966 
409.16 369.97 11.743 380.31 343.7 17.418 429.62 336.31 13.663 
409.13 370.07 12.22 380.29 343.82 18.059 429.6 336.43 14.373 
409.11 370.1 12.725 380.27 343.87 18.691 429.59 336.48 15.079 
409.13 370.21 13.226 380.31 344 19.356 429.64 336.62 15.827 
409.16 370.31 13.809 380.35 344.13 20.108 429.69 336.76 16.665 
409.27 370.44 14.413 380.46 344.3 20.889 429.8 336.91 17.542 
409.37 370.62 15.015 380.56 344.52 21.676 429.91 337.12 18.426 
409.45 370.73 15.575 380.67 344.67 22.435 430.01 337.29 19.267 
409.55 370.82 16.132 380.78 344.79 23.174 430.14 337.42 20.083 
409.62 370.91 16.685 380.87 344.89 23.894 430.24 337.55 20.884 
409.69 370.97 17.163 380.97 344.98 24.55 430.35 337.67 21.616 
409.76 370.99 17.607 381.06 345.01 25.152 430.45 337.74 22.284 
409.84 371.02 18.016 381.18 345.05 25.715 430.57 337.83 22.9 
409.89 371.04 18.429 381.26 345.07 26.268 430.67 337.91 23.505 
409.97 371.02 18.835 381.38 345.06 26.814 430.8 337.95 24.096 
410.03 371.1 19.25 381.48 345.13 27.389 430.91 338.09 24.719 
410.1 371.18 19.731 381.59 345.22 28.008 431.03 338.24 25.402 
410.13 371.25 20.191 381.66 345.3 28.638 431.12 338.4 26.104 
410.15 371.36 20.649 381.72 345.44 29.294 431.18 338.59 26.843 
410.21 371.47 21.176 381.81 345.57 29.991 431.29 338.78 27.626 
410.24 371.64 21.676 381.87 345.78 30.7 431.36 339.03 28.44 
410.29 371.85 22.165 381.94 346.05 31.429 431.45 339.34 29.279 
410.32 372.04 22.722 382 346.29 32.205 431.52 339.63 30.173 
410.39 372.24 23.285 382.08 346.57 33.013 431.6 339.92 31.111 
410.4 372.47 23.928 382.1 346.88 33.904 431.63 340.26 32.15 
410.37 372.7 24.514 382.09 347.19 34.751 431.63 340.63 33.146 
410.29 372.89 25.065 382.02 347.46 35.543 431.58 340.95 34.088 
410.17 373.09 25.627 381.93 347.73 36.322 431.49 341.28 35.027 
410.06 373.35 26.182 381.82 348.09 37.124 431.4 341.67 36.007 
409.99 373.63 26.722 381.72 348.52 37.934 431.29 342.08 36.991 
409.91 373.91 27.235 381.56 349.03 38.751 431.12 342.43 37.953 
409.81 374.23 27.719 381.38 349.6 39.565 430.91 342.84 38.89 
409.74 374.57 28.128 381.23 350.2 40.308 430.75 343.27 39.734 
409.69 374.96 28.452 381.13 350.82 40.962 430.63 343.78 40.467 
409.66 375.38 28.733 381.07 351.42 41.529 430.56 344.32 41.116 
409.65 375.78 28.974 381.04 351.99 42.024 430.52 344.83 41.678 
409.7 376.13 29.272 381.08 352.45 42.512 430.55 345.26 42.222 
409.76 376.49 29.479 381.12 352.95 42.945 430.6 345.73 42.699 
409.79 376.83 29.702 381.16 353.42 43.387 430.63 346.19 43.189 
409.88 377.18 29.936 381.25 353.9 43.831 430.72 346.65 43.684 
409.95 377.55 30.231 381.31 354.39 44.313 430.78 347.13 44.223 
410.05 378.01 30.552 381.41 354.97 44.84 430.88 347.71 44.815 
410.11 378.51 30.918 381.48 355.6 45.42 430.95 348.35 45.47 
410.22 379.06 31.285 381.59 356.28 46.02 431.07 349.07 46.153 
410.29 379.67 31.632 381.68 357.06 46.645 431.16 349.89 46.884 
410.38 380.38 31.994 381.79 357.95 47.333 431.29 350.85 47.694 
410.38 381.25 32.462 381.83 359.02 48.142 431.33 352.02 48.649 
410.49 382.05 32.881 381.95 360.03 48.891 431.47 353.1 49.531 
410.62 382.9 33.334 382.1 361.08 49.64 431.62 354.23 50.413 
410.69 383.73 33.726 382.18 362.1 50.315 431.71 355.31 51.211 
410.74 384.49 34.03 382.24 363.08 50.903 431.78 356.34 51.91 
410.79 385.22 34.333 382.3 364 51.45 431.84 357.29 52.552 
410.9 385.91 34.647 382.4 364.88 51.982 431.93 358.18 53.182 
410.93 386.57 34.832 382.43 365.75 52.441 431.97 359.08 53.725 
410.92 387.23 35.109 382.43 366.58 52.931 431.98 359.97 54.306 
410.99 387.86 35.267 382.51 367.41 53.321 432.05 360.82 54.78 
411.04 388.52 35.491 382.57 368.24 53.756 432.12 361.71 55.293 
410.99 389.24 35.746 382.55 369.11 54.215 432.1 362.67 55.835 
411.08 389.78 35.882 382.63 369.86 54.569 432.19 363.44 56.268 
411.1 390.35 36.14 382.66 370.56 54.986 432.22 364.19 56.745 
411.09 390.95 36.348 382.67 371.32 55.368 432.24 365 57.198 
411.14 391.55 36.436 382.73 372.12 55.673 432.29 365.84 57.571 
411.14 392.07 36.593 382.73 372.8 56.002 432.31 366.56 57.962 
411.05 392.6 36.78 382.66 373.45 56.341 432.24 367.29 58.353 
411.04 393.12 36.967 382.66 374.1 56.66 432.24 367.97 58.726 
411.11 393.56 37.109 382.73 374.67 56.929 432.31 368.56 59.042 
411.04 394.03 37.313 382.66 375.23 57.226 432.25 369.17 59.393 
410.98 394.39 37.435 382.61 375.69 57.45 432.19 369.67 59.659 
411.04 394.62 37.446 382.66 376.03 57.546 432.24 370 59.792 
411.07 394.87 37.529 382.68 376.32 57.662 432.27 370.29 59.936 
411.1 395.01 37.543 382.72 376.54 57.746 432.3 370.52 60.038 
411.09 395.22 37.613 382.7 376.78 57.836 432.28 370.76 60.154 
411.09 395.33 37.629 382.69 376.94 57.885 432.27 370.92 60.223 
411.12 395.46 37.703 382.72 377.08 57.981 432.3 371.09 60.334 
411.14 395.55 37.708 382.74 377.22 58.026 432.32 371.22 60.393 
411.13 395.64 37.739 382.73 377.32 58.072 432.31 371.34 60.449 
411.12 395.75 37.761 382.73 377.45 58.119 432.32 371.49 60.508 
411.11 395.88 37.728 382.73 377.63 58.142 432.32 371.69 60.549 
411.1 395.99 37.696 382.72 377.8 58.166 432.3 371.88 60.593 
411.13 396.06 37.637 382.74 377.94 58.154 432.32 372 60.596 
411.15 396.04 37.582 382.75 377.95 58.124 432.34 372 60.568 
411.15 396.02 37.597 382.76 377.93 58.129 432.34 371.97 60.57 
411.18 396.05 37.634 382.78 377.95 58.159 432.36 371.99 60.603 
411.19 396.14 37.724 382.8 378.04 58.249 432.38 372.08 60.698 
411.19 396.32 37.836 382.81 378.23 58.379 432.39 372.31 60.841 
411.21 396.61 37.986 382.83 378.55 58.566 432.42 372.68 61.056 
411.21 396.86 38.066 382.84 378.85 58.703 432.43 373.01 61.219 
411.17 397.09 38.133 382.81 379.11 58.806 432.41 373.31 61.342 
411.14 397.26 38.157 382.78 379.32 58.869 432.38 373.54 61.423 
411.09 397.35 38.136 382.74 379.42 58.877 432.34 373.67 61.438 
411.04 397.38 38.108 382.7 379.47 58.869 432.3 373.73 61.433 
411.05 397.36 38.059 382.71 379.47 58.837 432.31 373.73 61.401 
411.06 397.34 38.019 382.71 379.48 58.813 432.31 373.72 61.378 
411.08 397.35 37.973 382.72 379.53 58.791 432.32 373.75 61.361 
411.07 397.38 37.921 382.72 379.6 58.772 432.31 373.81 61.347 
411.07 397.43 37.901 382.71 379.68 58.776 432.31 373.9 61.359 
411.11 397.48 37.884 382.74 379.77 58.784 432.34 373.97 61.377 
411.15 397.54 37.889 382.77 379.86 58.805 432.36 374.05 61.409 
411.17 397.58 37.904 382.79 379.92 58.829 432.39 374.1 61.44 
411.21 397.61 37.908 382.83 379.96 58.841 432.42 374.13 61.456 
411.25 397.62 37.914 382.86 379.99 58.856 432.45 374.15 61.475 
411.3 397.65 37.93 382.91 380.04 58.877 432.49 374.19 61.501 
411.34 397.68 37.946 382.94 380.08 58.899 432.53 374.22 61.523 
411.37 397.71 37.964 382.98 380.11 58.922 432.56 374.25 61.546 
411.41 397.77 38.003 383.01 380.18 58.96 432.6 374.32 61.586 
411.44 397.87 38.042 383.04 380.27 59.003 432.63 374.42 61.635 
411.46 397.94 38.096 383.06 380.35 59.055 432.64 374.5 61.692 
411.48 398.01 38.148 383.08 380.42 59.102 432.66 374.57 61.748 
411.5 398.08 38.193 383.09 380.5 59.14 432.67 374.63 61.793 
411.51 398.12 38.206 383.09 380.54 59.152 432.68 374.67 61.809 
411.51 398.14 38.217 383.1 380.55 59.157 432.68 374.68 61.817 
411.5 398.18 38.233 383.08 380.58 59.162 432.66 374.71 61.826 
411.47 398.18 38.237 383.05 380.58 59.16 432.64 374.71 61.825 
411.45 398.19 38.226 383.03 380.58 59.145 432.61 374.71 61.81 
411.44 398.19 38.232 383.01 380.58 59.138 432.59 374.7 61.802 
411.41 398.23 38.255 382.99 380.6 59.146 432.57 374.72 61.813 
411.41 398.26 38.264 382.98 380.63 59.148 432.56 374.74 61.82 
411.42 398.27 38.269 382.98 380.65 59.15 432.56 374.75 61.825 
411.41 398.3 38.272 382.98 380.67 59.151 432.56 374.78 61.828 
411.41 398.32 38.278 382.97 380.69 59.154 432.55 374.79 61.834 
411.41 398.33 38.279 382.97 380.7 59.156 432.55 374.8 61.836 
411.4 398.33 38.273 382.96 380.71 59.153 432.54 374.81 61.834 
411.39 398.34 38.275 382.96 380.72 59.155 432.53 374.82 61.838 
411.38 398.36 38.275 382.94 380.73 59.154 432.52 374.84 61.837 
411.36 398.37 38.28 382.92 380.74 59.158 432.5 374.85 61.843 
411.33 398.38 38.275 382.9 380.75 59.155 432.48 374.87 61.84 
411.33 398.39 38.272 382.9 380.75 59.152 432.48 374.88 61.837 
411.32 398.39 38.273 382.89 380.75 59.154 432.47 374.88 61.838 
411.31 398.39 38.277 382.88 380.76 59.159 432.47 374.89 61.842 
411.3 398.4 38.278 382.88 380.77 59.163 432.46 374.91 61.847 
411.29 398.42 38.283 382.87 380.79 59.173 432.45 374.93 61.858 
411.24 398.5 38.325 382.83 380.85 59.215 432.41 375.02 61.907 
411.2 398.56 38.373 382.78 380.91 59.258 432.37 375.1 61.955 
411.18 398.6 38.412 382.76 380.93 59.287 432.35 375.13 61.99 
411.15 398.6 38.427 382.74 380.92 59.294 432.33 375.13 61.999 
411.09 398.55 38.443 382.69 380.84 59.29 432.28 375.06 61.988 
411.05 398.45 38.442 382.66 380.69 59.258 432.25 374.93 61.946 
411.03 398.37 38.439 382.64 380.57 59.23 432.23 374.81 61.908 
411.01 398.34 38.496 382.62 380.49 59.248 432.21 374.73 61.915 
411.01 398.28 38.467 382.62 380.44 59.221 432.21 374.67 61.884 
411 398.26 38.452 382.61 380.41 59.208 432.2 374.65 61.868 
410.99 398.24 38.457 382.6 380.4 59.211 432.2 374.63 61.868 
410.99 398.24 38.457 382.6 380.4 59.211 432.19 374.63 61.867 
410.98 398.24 38.441 382.6 380.4 59.207 432.19 374.64 61.859 
410.98 398.27 38.446 382.59 380.43 59.212 432.19 374.67 61.867 
410.98 398.27 38.464 382.6 380.43 59.228 432.19 374.67 61.881 
410.98 398.27 38.465 382.6 380.43 59.229 432.19 374.67 61.882 
410.98 398.26 38.465 382.59 380.42 59.227 432.19 374.65 61.879 
410.96 398.17 38.432 382.57 380.33 59.189 432.17 374.55 61.836 
410.97 398.03 38.375 382.58 380.18 59.119 432.17 374.38 61.751 
410.98 397.91 38.296 382.59 380.07 59.037 432.18 374.24 61.657 
411 397.83 38.277 382.6 379.97 58.996 432.19 374.12 61.606 
411.03 397.79 38.261 382.62 379.91 58.959 432.2 374.04 61.568 
411.05 397.74 38.258 382.64 379.85 58.941 432.23 373.98 61.542 
411.08 397.68 38.236 382.67 379.78 58.912 432.25 373.89 61.508 
411.13 397.61 38.19 382.71 379.73 58.87 432.29 373.82 61.463 
411.14 397.59 38.183 382.72 379.71 58.857 432.3 373.79 61.45 
411.15 397.55 38.209 382.72 379.64 58.864 432.3 373.73 61.457 
411.17 397.47 38.18 382.74 379.57 58.834 432.32 373.64 61.42 
411.18 397.41 38.164 382.75 379.5 58.813 432.33 373.57 61.389 
411.2 397.37 38.178 382.77 379.43 58.809 432.35 373.51 61.377 
411.22 397.34 38.183 382.8 379.39 58.8 432.38 373.45 61.361 
411.23 397.35 38.224 382.81 379.37 58.813 432.39 373.44 61.37 
411.24 397.34 38.253 382.81 379.34 58.823 432.39 373.4 61.378 
411.21 397.32 38.28 382.78 379.31 58.837 432.36 373.37 61.395 
411.19 397.31 38.286 382.76 379.29 58.839 432.34 373.36 61.398 
411.16 397.27 38.283 382.73 379.24 58.834 432.32 373.32 61.388 
411.16 397.23 38.27 382.74 379.2 58.821 432.32 373.28 61.373 
411.18 397.19 38.249 382.75 379.15 58.798 432.34 373.23 61.349 
411.2 397.12 38.223 382.77 379.08 58.765 432.35 373.14 61.311 
411.21 397.03 38.196 382.78 378.98 58.719 432.36 373.02 61.26 
411.19 396.93 38.136 382.77 378.88 58.659 432.35 372.93 61.194 
411.18 396.88 38.122 382.75 378.81 58.629 432.33 372.86 61.159 
411.17 396.83 38.084 382.74 378.75 58.591 432.33 372.81 61.111 
411.11 396.81 38.094 382.69 378.7 58.583 432.28 372.77 61.099 
411.08 396.79 38.111 382.67 378.66 58.581 432.25 372.74 61.093 
411.08 396.78 38.104 382.67 378.64 58.574 432.26 372.72 61.081 
411.09 396.77 38.101 382.68 378.63 58.571 432.26 372.71 61.078 
411.1 396.77 38.09 382.69 378.64 58.563 432.27 372.71 61.071 
411.12 396.75 38.053 382.69 378.64 58.542 432.28 372.69 61.05 
411.13 396.73 38.047 382.7 378.64 58.534 432.28 372.67 61.044 
411.16 396.72 38.045 382.73 378.63 58.527 432.3 372.65 61.039 
411.18 396.71 38.046 382.74 378.62 58.522 432.32 372.63 61.032 
411.2 396.69 38.036 382.76 378.6 58.505 432.33 372.6 61.014 
411.23 396.64 38.023 382.79 378.54 58.482 432.36 372.52 60.99 
411.24 396.58 37.991 382.79 378.49 58.445 432.36 372.46 60.952 
411.26 396.52 37.959 382.81 378.42 58.406 432.38 372.39 60.908 
411.25 396.46 37.949 382.8 378.35 58.389 432.37 372.32 60.885 
411.24 396.41 37.929 382.8 378.29 58.367 432.37 372.26 60.857 
411.23 396.36 37.895 382.78 378.24 58.34 432.35 372.21 60.825 
411.22 396.32 37.897 382.77 378.2 58.333 432.34 372.16 60.816 
411.23 396.27 37.894 382.78 378.14 58.317 432.35 372.1 60.797 
411.24 396.24 37.906 382.78 378.09 58.309 432.35 372.04 60.786 
411.26 396.21 37.929 382.8 378.03 58.302 432.37 371.97 60.774 
411.3 396.16 37.919 382.83 377.97 58.272 432.4 371.9 60.74 
411.29 396.12 37.898 382.83 377.91 58.241 432.4 371.84 60.704 
411.27 396.04 37.863 382.82 377.82 58.203 432.38 371.75 60.658 
411.23 395.98 37.856 382.78 377.73 58.178 432.35 371.67 60.624 
411.2 395.93 37.838 382.76 377.67 58.148 432.33 371.62 60.585 
411.21 395.89 37.843 382.77 377.59 58.129 432.35 371.54 60.559 
411.23 395.84 37.829 382.79 377.53 58.106 432.37 371.48 60.529 
411.24 395.82 37.812 382.8 377.5 58.084 432.37 371.46 60.502 
411.26 395.8 37.785 382.82 377.48 58.055 432.4 371.43 60.467 
411.27 395.79 37.757 382.84 377.46 58.027 432.41 371.41 60.433 
411.28 395.76 37.727 382.84 377.43 57.992 432.41 371.38 60.394 
411.22 395.7 37.707 382.79 377.34 57.948 432.37 371.29 60.333 
411.14 395.61 37.663 382.72 377.21 57.879 432.3 371.15 60.241 
411.11 395.52 37.618 382.69 377.08 57.81 432.27 371.02 60.151 
411.08 395.39 37.556 382.66 376.95 57.736 432.24 370.87 60.059 
411.02 395.33 37.546 382.6 376.84 57.698 432.18 370.78 60.009 
410.99 395.27 37.538 382.58 376.75 57.664 432.15 370.68 59.969 
411.02 395.17 37.507 382.59 376.66 57.621 432.17 370.56 59.918 
411.02 395.13 37.508 382.6 376.6 57.602 432.17 370.49 59.895 
411.02 395.1 37.525 382.59 376.54 57.593 432.16 370.43 59.881 
411.05 395.07 37.513 382.62 376.51 57.572 432.19 370.39 59.857 
411.06 395.07 37.519 382.63 376.5 57.57 432.2 370.38 59.854 
411.06 395.06 37.52 382.63 376.49 57.567 432.2 370.36 59.85 
411.07 395.05 37.526 382.64 376.48 57.563 432.21 370.35 59.844 
411.07 395.05 37.532 382.63 376.46 57.56 432.2 370.33 59.839 
411.06 395.01 37.535 382.63 376.4 57.546 432.2 370.27 59.82 
411.08 394.98 37.529 382.64 376.36 57.523 432.21 370.23 59.791 
411.11 394.95 37.526 382.66 376.3 57.495 432.23 370.16 59.763 
411.11 394.9 37.512 382.67 376.24 57.463 432.24 370.09 59.725 
411.13 394.84 37.487 382.68 376.18 57.43 432.25 370.01 59.688 
411.14 394.8 37.466 382.69 376.14 57.406 432.26 369.96 59.658 
411.15 394.78 37.447 382.7 376.12 57.388 432.26 369.94 59.636 
411.15 394.78 37.441 382.7 376.12 57.383 432.26 369.94 59.628 
411.14 394.77 37.441 382.69 376.11 57.385 432.26 369.93 59.626 
411.12 394.76 37.457 382.68 376.08 57.396 432.24 369.91 59.632 
411.1 394.73 37.461 382.66 376.04 57.4 432.23 369.88 59.625 
411.05 394.7 37.493 382.63 375.98 57.417 432.2 369.84 59.633 
411.03 394.64 37.533 382.61 375.89 57.437 432.18 369.76 59.644 
411.02 394.58 37.587 382.6 375.8 57.457 432.17 369.67 59.656 
411.05 394.5 37.621 382.62 375.68 57.454 432.2 369.53 59.644 
411.15 394.37 37.612 382.72 375.55 57.418 432.28 369.36 59.598 
411.25 394.29 37.53 382.8 375.48 57.343 432.37 369.28 59.517 
411.3 394.2 37.448 382.86 375.41 57.277 432.42 369.19 59.444 
411.31 394.13 37.396 382.87 375.35 57.23 432.44 369.12 59.388 
411.29 394.09 37.397 382.85 375.29 57.22 432.41 369.06 59.371 
411.28 394.05 37.395 382.84 375.24 57.205 432.4 369 59.35 
411.27 394 37.39 382.82 375.17 57.187 432.39 368.93 59.322 
411.24 393.87 37.36 382.8 375.03 57.14 432.36 368.78 59.254 
411.22 393.67 37.319 382.78 374.77 57.048 432.34 368.5 59.133 
411.15 393.32 37.178 382.71 374.36 56.846 432.27 368.06 58.884 
411.05 392.89 37.069 382.62 373.78 56.606 432.18 367.48 58.59 
410.98 392.38 36.956 382.54 373.12 56.329 432.09 366.76 58.246 
410.89 391.86 36.847 382.45 372.43 56.057 432.01 366.05 57.894 
410.85 391.25 36.659 382.41 371.65 55.686 431.96 365.22 57.439 
410.8 390.31 36.34 382.35 370.48 55.119 431.9 363.97 56.745 
410.83 389.36 35.962 382.38 369.29 54.489 431.93 362.73 55.98 
410.82 388.54 35.509 382.39 368.32 53.886 431.93 361.69 55.238 
410.8 387.75 35.123 382.36 367.35 53.308 431.89 360.65 54.514 
410.72 386.85 34.805 382.28 366.18 52.662 431.81 359.4 53.704 
410.69 385.53 34.176 382.23 364.58 51.671 431.74 357.66 52.481 
410.65 384.09 33.526 382.17 362.77 50.547 431.67 355.72 51.102 
410.57 382.79 32.998 382.06 361.15 49.549 431.54 353.98 49.881 
410.45 381.85 32.674 381.91 359.92 48.777 431.38 352.64 48.917 
410.31 381.05 32.205 381.75 358.93 48.026 431.2 351.56 48.005 
410.19 380.17 31.684 381.59 357.86 47.163 431.02 350.37 46.948 
410.14 379.1 30.978 381.48 356.61 46.072 430.88 348.93 45.642 
409.98 378.13 30.41 381.28 355.38 45.055 430.67 347.62 44.428 
409.75 377.3 29.706 381.01 354.4 44.005 430.38 346.52 43.21 
409.61 376.57 29.255 380.84 353.47 43.169 430.2 345.54 42.233 
409.54 375.98 28.812 380.74 352.72 42.409 430.09 344.75 41.372 
409.48 375.39 28.41 380.67 351.99 41.736 430.02 344.01 40.605 
409.4 374.71 27.93 380.59 351.14 40.948 429.94 343.17 39.704 
409.28 373.79 27.216 380.49 349.94 39.786 429.85 342.06 38.408 
409.19 372.73 26.358 380.42 348.57 38.337 429.78 340.75 36.794 
409.24 371.84 25.586 380.46 347.41 36.992 429.82 339.64 35.299 
409.24 371.22 24.862 380.47 346.59 35.88 429.84 338.88 34.068 
409.25 370.71 24.227 380.52 345.87 34.836 429.9 338.26 32.923 
409.41 370.29 23.559 380.74 345.2 33.753 430.14 337.76 31.739 
409.71 369.97 22.917 381.18 344.57 32.724 430.62 337.44 30.616 
410.11 369.91 22.432 381.77 344.17 31.904 431.26 337.42 29.692 
410.49 369.82 21.938 382.26 343.87 31.163 431.78 337.35 28.828 
410.71 369.65 21.251 382.56 343.53 30.228 432.09 337.15 27.749 
410.93 369.49 20.413 382.87 343.16 29.058 432.41 336.96 26.39 
411.13 369.36 19.691 383.13 342.87 28.015 432.68 336.79 25.158 
411.2 369.14 19.056 383.22 342.54 27.133 432.76 336.51 24.137 
411.25 368.79 18.367 383.28 342.12 26.205 432.82 336.11 23.064 
411.34 368.45 17.628 383.4 341.68 25.21 432.93 335.73 21.915 
411.59 368.26 16.767 383.67 341.39 24.128 433.2 335.5 20.657 
411.85 368.09 15.982 383.96 341.13 23.092 433.48 335.3 19.449 
412.01 367.83 15.348 384.12 340.81 22.191 433.64 335 18.404 
412.11 367.54 14.706 384.21 340.47 21.301 433.71 334.65 17.379 
412.14 367.3 14.115 384.21 340.19 20.477 433.71 334.37 16.434 
412.06 367.07 13.599 384.11 339.94 19.768 433.59 334.09 15.62 
412.06 366.89 13.104 384.08 339.75 19.105 433.55 333.86 14.854 
411.99 366.8 12.599 383.99 339.66 18.474 433.45 333.75 14.137 
411.87 366.75 12.154 383.83 339.61 17.89 433.28 333.66 13.477 
411.75 366.66 11.696 383.67 339.54 17.31 433.1 333.53 12.827 
411.55 366.61 11.318 383.42 339.52 16.787 432.83 333.41 12.236 
411.31 366.72 10.942 383.1 339.69 16.312 432.5 333.47 11.717 
411.16 366.77 10.53 382.9 339.77 15.805 432.29 333.48 11.166 
411.08 366.63 10.154 382.79 339.64 15.299 432.17 333.31 10.602 
411.04 366.5 9.8838 382.73 339.51 14.936 432.1 333.16 10.189 
410.95 366.42 9.7628 382.61 339.45 14.742 431.97 333.06 9.9781 
410.83 366.44 9.7144 382.47 339.49 14.68 431.83 333.06 9.9236 
410.76 366.53 9.7122 382.38 339.6 14.693 431.73 333.12 9.9475 
410.69 366.64 9.7369 382.27 339.75 14.715 431.62 333.22 9.9846 
410.63 366.76 9.6995 382.19 339.9 14.674 431.53 333.32 9.9524 
410.58 366.91 9.6241 382.11 340.08 14.586 431.44 333.45 9.8722 
410.51 367.12 9.5436 382 340.32 14.489 431.33 333.63 9.7832 
410.44 367.35 9.4377 381.9 340.58 14.37 431.22 333.83 9.6726 
410.37 367.52 9.2967 381.79 340.8 14.209 431.1 333.97 9.5204 
410.27 367.67 9.1654 381.64 341 14.043 430.94 334.09 9.369 
410.16 367.88 9.1045 381.49 341.24 13.966 430.78 334.26 9.32 
410.05 368.06 9.074 381.35 341.46 13.93 430.63 334.42 9.3189 
410 368.2 9.0911 381.28 341.61 13.959 430.57 334.55 9.3725 
410.01 368.33 9.1499 381.29 341.75 14.037 430.57 334.69 9.4738 
410 368.49 9.1455 381.28 341.92 14.055 430.57 334.85 9.5056 
409.97 368.58 9.0829 381.24 342.01 13.968 430.53 334.93 9.4244 
409.94 368.65 8.9849 381.2 342.09 13.84 430.48 334.99 9.2988 
409.95 368.71 8.9151 381.19 342.16 13.741 430.48 335.04 9.2051 
409.96 368.79 8.8454 381.2 342.24 13.663 430.48 335.12 9.1336 
409.97 368.85 8.7845 381.21 342.31 13.605 430.49 335.17 9.0842 
409.98 368.9 8.7467 381.21 342.36 13.562 430.49 335.21 9.0526 
409.98 368.92 8.7166 381.21 342.39 13.517 430.49 335.24 9.0207 
409.98 368.94 8.6893 381.2 342.4 13.477 430.49 335.25 8.9884 
409.99 368.95 8.6697 381.21 342.42 13.45 430.49 335.26 8.967 
409.99 368.96 8.6587 381.2 342.43 13.433 430.49 335.27 8.9561 
409.99 368.97 8.6515 381.2 342.44 13.425 430.48 335.28 8.9508 
409.98 368.98 8.6463 381.2 342.45 13.419 430.48 335.29 8.9465 
409.99 368.99 8.6349 381.2 342.46 13.409 430.49 335.3 8.936 
409.99 369 8.6261 381.21 342.47 13.399 430.49 335.31 8.9273 
409.99 369 8.6192 381.21 342.47 13.391 430.5 335.32 8.9194 
410 369.01 8.6145 381.21 342.48 13.385 430.5 335.32 8.9137 
410 369.02 8.609 381.21 342.48 13.377 430.5 335.33 8.908 
410 369.02 8.6061 381.22 342.48 13.374 430.5 335.33 8.9053 
410 369.03 8.5995 381.22 342.49 13.365 430.5 335.34 8.8985 
410.02 369.04 8.5843 381.23 342.51 13.347 430.52 335.36 8.8823 
410.03 369.05 8.5777 381.24 342.52 13.337 430.53 335.36 8.8718 
410.04 369.06 8.5695 381.26 342.52 13.327 430.54 335.37 8.8626 
410.05 369.07 8.5633 381.27 342.53 13.317 430.55 335.38 8.8544 
410.06 369.08 8.5529 381.28 342.54 13.306 430.57 335.39 8.8427 
410.07 369.09 8.5456 381.3 342.55 13.297 430.58 335.4 8.8344 
410.08 369.09 8.5425 381.3 342.55 13.293 430.59 335.41 8.8304 
410.08 369.1 8.5405 381.3 342.55 13.291 430.59 335.41 8.8282 
410.09 369.1 8.5384 381.31 342.56 13.288 430.6 335.42 8.8252 
410.09 369.1 8.5374 381.31 342.56 13.287 430.6 335.42 8.8231 
410.09 369.1 8.5364 381.31 342.56 13.286 430.6 335.42 8.8221 
410.09 369.11 8.5343 381.32 342.56 13.284 430.6 335.42 8.82 
410.09 369.11 8.5332 381.32 342.56 13.283 430.6 335.42 8.819 
410.1 369.11 8.5292 381.32 342.56 13.278 430.61 335.43 8.8149 
410.1 369.11 8.525 381.33 342.57 13.274 430.61 335.43 8.8107 
410.1 369.11 8.5219 381.33 342.57 13.272 430.62 335.43 8.8076 
410.11 369.11 8.5208 381.33 342.57 13.271 430.62 335.43 8.8065 
410.11 369.11 8.5208 381.33 342.57 13.271 430.62 335.43 8.8065 
410.11 369.12 8.5197 381.33 342.57 13.27 430.62 335.43 8.8053 
410.11 369.12 8.5185 381.34 342.57 13.266 430.62 335.44 8.8011 
410.11 369.12 8.5173 381.34 342.57 13.265 430.63 335.44 8.7999 
410.12 369.11 8.5148 381.34 342.56 13.261 430.63 335.43 8.7954 
410.12 369.11 8.5132 381.35 342.56 13.257 430.64 335.43 8.7907 
410.12 369.11 8.5111 381.35 342.56 13.255 430.64 335.43 8.7885 
410.12 369.11 8.509 381.35 342.56 13.253 430.64 335.43 8.7854 
410.12 369.11 8.5081 381.35 342.56 13.251 430.64 335.44 8.7844 
410.12 369.12 8.4979 381.35 342.56 13.243 430.64 335.44 8.777 
410.11 369.13 8.486 381.35 342.56 13.236 430.64 335.46 8.768 
410.11 369.13 8.4715 381.35 342.57 13.224 430.65 335.47 8.7564 
410.11 369.14 8.4608 381.36 342.57 13.216 430.65 335.47 8.7466 
410.11 369.14 8.4559 381.36 342.57 13.212 430.65 335.47 8.7416 
410.11 369.14 8.4498 381.36 342.57 13.209 430.65 335.48 8.7365 
410.11 369.14 8.4467 381.36 342.57 13.207 430.65 335.48 8.7345 
410.12 369.15 8.4438 381.37 342.58 13.206 430.66 335.48 8.7324 
410.12 369.15 8.4406 381.37 342.58 13.205 430.66 335.48 8.7303 
410.13 369.15 8.4381 381.38 342.58 13.204 430.67 335.48 8.7277 
412.85 369.18 8.0586 384 342.74 12.89 433.26 335.44 8.4177 
412.32 369.14 8.2672 383.49 342.66 13.059 432.75 335.41 8.5395 
410.97 369.18 8.3096 382.2 342.64 13.126 431.49 335.5 8.6185 
410.89 369.19 8.3202 382.12 342.64 13.136 431.4 335.51 8.6279 
410.84 369.19 8.324 382.08 342.64 13.141 431.36 335.51 8.6327 
410.31 369.22 8.3906 381.58 342.64 13.2 430.87 335.56 8.6981 
410.24 369.24 8.3847 381.5 342.66 13.199 430.79 335.58 8.6991 
410.21 369.22 8.3964 381.48 342.65 13.201 430.77 335.57 8.7047 
410.21 369.22 8.3963 381.48 342.65 13.2 430.77 335.57 8.7046 
410.21 369.22 8.3973 381.47 342.65 13.201 430.77 335.56 8.7047 
410.21 369.22 8.3976 381.47 342.64 13.198 430.76 335.56 8.7029 
410.2 369.21 8.396 381.46 342.64 13.194 430.75 335.56 8.7004 
410.2 369.21 8.396 381.46 342.64 13.193 430.75 335.56 8.6994 
410.2 369.21 8.3978 381.46 342.64 13.192 430.75 335.55 8.6992 
410.21 369.21 8.3984 381.46 342.64 13.189 430.75 335.56 8.6959 
410.21 369.22 8.3964 381.47 342.65 13.185 430.76 335.56 8.6928 
410.22 369.23 8.3926 381.48 342.65 13.18 430.77 335.57 8.6879 
410.23 369.24 8.3869 381.49 342.66 13.172 430.78 335.59 8.6821 
410.24 369.26 8.3824 381.5 342.68 13.167 430.8 335.61 8.6774 
410.24 369.28 8.3783 381.51 342.69 13.164 430.8 335.63 8.6752 
410.24 369.29 8.3751 381.51 342.7 13.163 430.8 335.64 8.6751 
410.24 369.3 8.3728 381.51 342.71 13.16 430.81 335.65 8.6737 
410.24 369.31 8.3695 381.51 342.72 13.156 430.81 335.66 8.6714 
410.25 369.34 8.3645 381.52 342.75 13.15 430.82 335.69 8.6684 
410.26 369.37 8.359 381.53 342.78 13.144 430.82 335.72 8.6641 
410.26 369.38 8.3561 381.53 342.8 13.14 430.83 335.73 8.663 
410.26 369.39 8.3525 381.53 342.8 13.137 430.83 335.74 8.6605 
410.27 369.39 8.3517 381.53 342.81 13.136 430.83 335.74 8.6597 
410.27 369.4 8.35 381.54 342.81 13.135 430.83 335.75 8.659 
410.27 369.4 8.3482 381.54 342.81 13.133 430.83 335.75 8.6582 
410.27 369.41 8.3464 381.54 342.82 13.132 430.83 335.76 8.6563 
410.27 369.41 8.3426 381.54 342.82 13.128 430.84 335.76 8.6524 
410.28 369.42 8.3395 381.55 342.83 13.124 430.84 335.77 8.6493 
410.29 369.42 8.3343 381.56 342.84 13.119 430.85 335.78 8.6442 
410.3 369.43 8.3301 381.57 342.85 13.113 430.86 335.79 8.6379 
410.3 369.44 8.3281 381.57 342.85 13.111 430.87 335.79 8.637 
410.3 369.44 8.326 381.57 342.85 13.11 430.87 335.79 8.6348 
410.31 369.44 8.3249 381.58 342.85 13.109 430.87 335.79 8.6337 
410.31 369.44 8.3239 381.58 342.85 13.108 430.87 335.8 8.6327 
410.31 369.44 8.3239 381.58 342.86 13.108 430.88 335.8 8.6317 
410.31 369.45 8.3217 381.58 342.86 13.107 430.88 335.8 8.6306 
410.32 369.45 8.3208 381.59 342.86 13.106 430.88 335.8 8.6296 
410.32 369.45 8.3188 381.59 342.86 13.106 430.89 335.81 8.6287 
410.32 369.46 8.3142 381.59 342.87 13.104 430.89 335.82 8.6249 
410.32 369.47 8.3109 381.6 342.88 13.104 430.89 335.83 8.6246 
410.33 369.49 8.3076 381.6 342.89 13.104 430.9 335.84 8.6244 
410.33 369.5 8.3027 381.6 342.91 13.104 430.9 335.86 8.6234 
410.33 369.52 8.299 381.61 342.92 13.105 430.91 335.88 8.6256 
410.32 369.55 8.2932 381.61 342.95 13.108 430.91 335.91 8.6277 
410.32 369.56 8.2902 381.61 342.96 13.11 430.91 335.92 8.6297 
410.32 369.57 8.2881 381.61 342.97 13.111 430.91 335.94 8.6325 
410.33 369.58 8.2888 381.61 342.98 13.116 430.91 335.95 8.6372 
410.33 369.6 8.2867 381.62 342.99 13.119 430.92 335.96 8.64 
410.33 369.61 8.2844 381.62 343.01 13.123 430.92 335.98 8.6427 
410.33 369.62 8.2841 381.62 343.02 13.126 430.92 335.99 8.6455 
410.33 369.63 8.2838 381.63 343.03 13.129 430.93 336 8.6491 
410.34 369.65 8.2835 381.63 343.04 13.133 430.93 336.02 8.6527 
410.35 369.68 8.2797 381.65 343.07 13.136 430.95 336.05 8.6579 
410.36 369.7 8.2796 381.65 343.09 13.14 430.95 336.07 8.661 
410.36 369.71 8.2792 381.66 343.11 13.142 430.96 336.08 8.6636 
410.36 369.72 8.2788 381.66 343.12 13.144 430.96 336.09 8.6662 
410.36 369.72 8.278 381.66 343.12 13.144 430.96 336.09 8.6662 
410.36 369.72 8.278 381.66 343.12 13.144 430.96 336.09 8.6662 
410.36 369.73 8.2777 381.66 343.13 13.144 430.96 336.1 8.668 
410.36 369.74 8.276 381.66 343.13 13.145 430.96 336.11 8.6683 
410.36 369.74 8.276 381.66 343.13 13.145 430.96 336.11 8.6683 
410.36 369.74 8.2741 381.66 343.14 13.144 430.96 336.11 8.6685 
410.37 369.74 8.2732 381.66 343.14 13.144 430.96 336.11 8.6676 
410.37 369.75 8.2695 381.67 343.14 13.141 430.97 336.12 8.6658 
410.37 369.75 8.2657 381.67 343.15 13.139 430.97 336.13 8.6631 
410.38 369.76 8.2617 381.68 343.16 13.135 430.98 336.14 8.658 
410.38 369.77 8.2558 381.68 343.16 13.129 430.98 336.14 8.65 
410.38 369.77 8.252 381.69 343.17 13.123 430.99 336.15 8.6421 
410.39 369.77 8.2466 381.69 343.17 13.114 430.99 336.15 8.6298 
410.4 369.77 8.2506 381.69 343.16 13.105 430.99 336.14 8.6178 
410.39 369.75 8.2518 381.69 343.15 13.094 430.99 336.12 8.6039 
410.38 369.72 8.2578 381.67 343.12 13.079 430.97 336.09 8.589 
410.37 369.67 8.2568 381.65 343.07 13.051 430.95 336.04 8.5622 
410.36 369.62 8.2512 381.63 343.03 13.023 430.93 335.98 8.5357 
410.35 369.59 8.2488 381.62 343 13.003 430.91 335.94 8.5175 
410.35 369.56 8.2396 381.61 342.97 12.987 430.91 335.91 8.5026 
410.34 369.55 8.2324 381.6 342.96 12.976 430.9 335.89 8.4944 
410.33 369.54 8.2285 381.59 342.96 12.969 430.89 335.88 8.4895 
410.33 369.54 8.2275 381.59 342.95 12.967 430.88 335.88 8.4875 
410.32 369.53 8.2247 381.58 342.95 12.962 430.87 335.87 8.4848 
410.31 369.52 8.2256 381.57 342.93 12.959 430.86 335.86 8.4816 
410.31 369.51 8.2265 381.56 342.93 12.957 430.86 335.85 8.4806 
410.3 369.51 8.2277 381.56 342.92 12.956 430.85 335.85 8.4808 
410.29 369.49 8.2313 381.55 342.91 12.957 430.84 335.83 8.4836 
410.29 369.48 8.2369 381.54 342.91 12.96 430.83 335.82 8.4882 
410.28 369.48 8.2418 381.53 342.9 12.964 430.83 335.81 8.4941 
410.28 369.47 8.2453 381.53 342.89 12.968 430.82 335.8 8.4977 
410.28 369.46 8.2497 381.53 342.88 12.972 430.82 335.79 8.5021 
410.28 369.45 8.2526 381.52 342.88 12.974 430.82 335.79 8.5052 
410.28 369.45 8.2546 381.52 342.88 12.976 430.81 335.78 8.5061 
410.27 369.45 8.2567 381.52 342.87 12.977 430.81 335.78 8.5073 
410.27 369.45 8.2577 381.52 342.87 12.977 430.81 335.78 8.5072 
410.26 369.44 8.2604 381.51 342.86 12.978 430.8 335.77 8.5079 
410.26 369.42 8.2629 381.5 342.85 12.978 430.79 335.76 8.5074 
410.26 369.42 8.2636 381.5 342.84 12.977 430.79 335.75 8.507 
410.25 369.4 8.267 381.5 342.83 12.977 430.79 335.74 8.5073 
410.25 369.39 8.2678 381.49 342.82 12.976 430.79 335.73 8.5091 
410.25 369.39 8.2685 381.49 342.81 12.976 430.79 335.72 8.5099 
410.24 369.39 8.2694 381.49 342.81 12.975 430.78 335.72 8.5098 
410.24 369.38 8.2694 381.49 342.81 12.976 430.78 335.72 8.5097 
410.24 369.38 8.2703 381.49 342.81 12.976 430.78 335.72 8.5107 
410.24 369.38 8.2703 381.49 342.81 12.976 430.78 335.72 8.5107 
410.24 369.38 8.2714 381.49 342.8 12.976 430.78 335.72 8.5118 
410.24 369.38 8.2726 381.49 342.8 12.977 430.78 335.72 8.5129 
410.24 369.38 8.2747 381.49 342.8 12.978 430.78 335.72 8.515 
410.24 369.38 8.2747 381.49 342.8 12.978 430.78 335.72 8.515 
410.24 369.38 8.2801 381.48 342.8 12.983 430.78 335.72 8.5203 
410.24 369.39 8.2863 381.48 342.81 12.991 430.78 335.72 8.5276 
410.24 369.39 8.2965 381.49 342.81 13.003 430.78 335.73 8.5408 
410.25 369.4 8.3055 381.49 342.82 13.015 430.79 335.73 8.5508 
410.25 369.4 8.3116 381.5 342.83 13.023 430.79 335.74 8.559 
410.26 369.41 8.3171 381.51 342.83 13.032 430.8 335.74 8.5666 
410.27 369.42 8.324 381.52 342.84 13.041 430.81 335.75 8.5753 
410.27 369.42 8.3279 381.52 342.84 13.046 430.81 335.76 8.5804 
410.28 369.43 8.3313 381.52 342.85 13.052 430.82 335.76 8.5857 
410.28 369.43 8.3335 381.53 342.86 13.057 430.82 335.77 8.5909 
410.29 369.45 8.338 381.53 342.87 13.066 430.83 335.78 8.5984 
410.29 369.45 8.3404 381.54 342.87 13.07 430.83 335.79 8.6028 
410.29 369.46 8.3427 381.54 342.88 13.072 430.83 335.79 8.6051 
410.29 369.46 8.343 381.54 342.88 13.074 430.83 335.8 8.6063 
410.29 369.46 8.344 381.54 342.88 13.075 430.83 335.8 8.6073 
410.29 369.46 8.344 381.54 342.88 13.075 430.83 335.8 8.6073 
410.29 369.47 8.3441 381.54 342.89 13.077 430.84 335.81 8.6094 
410.29 369.47 8.3442 381.54 342.89 13.078 430.84 335.81 8.6094 
410.29 369.47 8.3442 381.55 342.89 13.079 430.84 335.81 8.6105 
410.29 369.47 8.3452 381.55 342.89 13.079 430.84 335.81 8.6105 
410.3 369.47 8.3452 381.55 342.89 13.081 430.84 335.81 8.6124 
410.3 369.47 8.3462 381.55 342.89 13.082 430.85 335.81 8.6134 
410.3 369.47 8.3461 381.55 342.89 13.083 430.85 335.82 8.6132 
410.3 369.47 8.3461 381.55 342.89 13.083 430.85 335.82 8.6132 
410.3 369.48 8.346 381.56 342.9 13.084 430.85 335.82 8.6143 
410.3 369.48 8.346 381.56 342.9 13.084 430.85 335.82 8.6143 
410.3 369.48 8.346 381.56 342.9 13.084 430.85 335.82 8.6143 
410.3 369.48 8.3462 381.56 342.9 13.084 430.85 335.82 8.6143 
410.3 369.48 8.3462 381.56 342.9 13.084 430.85 335.82 8.6143 
410.3 369.48 8.3462 381.56 342.9 13.084 430.85 335.82 8.6143 
410.3 369.48 8.3463 381.56 342.9 13.084 430.85 335.82 8.6144 
410.3 369.48 8.3463 381.56 342.9 13.085 430.85 335.82 8.6134 
410.3 369.48 8.3463 381.56 342.9 13.085 430.85 335.82 8.6134 
410.3 369.48 8.3463 381.56 342.9 13.085 430.85 335.82 8.6134 
410.3 369.48 8.3475 381.56 342.9 13.085 430.85 335.83 8.6146 
410.3 369.48 8.3475 381.56 342.9 13.085 430.85 335.83 8.6146 
410.3 369.48 8.3475 381.56 342.9 13.085 430.85 335.83 8.6146 
410.3 369.48 8.3475 381.56 342.9 13.085 430.85 335.83 8.6147 
410.3 369.49 8.3476 381.56 342.9 13.085 430.86 335.83 8.6136 
410.3 369.49 8.3477 381.56 342.91 13.084 430.86 335.83 8.6128 
410.3 369.49 8.348 381.56 342.91 13.083 430.86 335.83 8.611 
410.3 369.49 8.3471 381.56 342.91 13.082 430.86 335.84 8.6111 
410.3 369.49 8.3471 381.56 342.91 13.082 430.86 335.84 8.6111 
410.3 369.49 8.3471 381.56 342.91 13.082 430.86 335.84 8.6111 
410.3 369.49 8.3471 381.56 342.91 13.082 430.86 335.84 8.6111 
410.3 369.49 8.3471 381.56 342.91 13.082 430.86 335.84 8.6111 
410.3 369.5 8.3465 381.56 342.91 13.08 430.86 335.84 8.6074 
410.3 369.5 8.3446 381.56 342.91 13.076 430.86 335.84 8.6057 
410.3 369.5 8.3439 381.56 342.91 13.073 430.85 335.84 8.6028 
410.3 369.5 8.3431 381.56 342.91 13.071 430.85 335.85 8.601 
410.3 369.5 8.3431 381.56 342.91 13.071 430.85 335.85 8.601 
410.3 369.5 8.3431 381.56 342.91 13.071 430.85 335.85 8.601 
410.3 369.5 8.3431 381.56 342.91 13.071 430.85 335.85 8.601 
410.3 369.5 8.3431 381.56 342.91 13.071 430.85 335.85 8.601 
410.3 369.5 8.3431 381.56 342.91 13.071 430.85 335.85 8.601 
410.3 369.5 8.3431 381.56 342.91 13.071 430.85 335.85 8.601 
410.3 369.5 8.3431 381.56 342.91 13.071 430.85 335.85 8.601 
410.3 369.5 8.3431 381.56 342.91 13.071 430.85 335.85 8.601 
410.3 369.5 8.343 381.56 342.92 13.07 430.85 335.85 8.601 
410.3 369.5 8.343 381.56 342.92 13.07 430.85 335.85 8.601 
410.3 369.5 8.341 381.56 342.92 13.066 430.85 335.85 8.598 
410.3 369.51 8.339 381.56 342.92 13.062 430.86 335.85 8.594 
410.3 369.51 8.338 381.56 342.92 13.06 430.86 335.85 8.593 
410.3 369.51 8.337 381.56 342.92 13.057 430.86 335.85 8.591 
410.31 369.51 8.335 381.56 342.92 13.053 430.86 335.85 8.5881 
410.31 369.51 8.3332 381.56 342.93 13.049 430.86 335.85 8.5843 
410.31 369.51 8.3332 381.56 342.93 13.048 430.86 335.85 8.5843 
410.31 369.51 8.3312 381.56 342.93 13.046 430.86 335.85 8.5823 
410.31 369.51 8.3312 381.56 342.93 13.046 430.86 335.85 8.5823 
410.31 369.51 8.3312 381.56 342.93 13.046 430.86 335.85 8.5823 
410.31 369.51 8.3312 381.56 342.93 13.046 430.86 335.85 8.5823 
410.31 369.51 8.3312 381.56 342.93 13.046 430.86 335.85 8.5823 
410.31 369.51 8.3312 381.56 342.93 13.046 430.86 335.85 8.5823 
410.31 369.51 8.3312 381.56 342.93 13.046 430.86 335.85 8.5823 
410.31 369.51 8.3301 381.56 342.93 13.043 430.86 335.85 8.5802 
410.31 369.51 8.328 381.56 342.93 13.041 430.86 335.85 8.5791 
