0 8.02 1 
Linear 3 0.02 
401.03 362.67 32.425 
401.03 362.67 32.426 
401.03 362.67 32.426 
401.03 362.67 32.426 
401.03 362.67 32.428 
401.03 362.67 32.428 
401.03 362.67 32.428 
401.03 362.67 32.43 
401.03 362.67 32.43 
401.03 362.67 32.432 
401.03 362.67 32.432 
401.03 362.67 32.433 
401.03 362.67 32.434 
401.03 362.67 32.434 
401.03 362.67 32.434 
401.03 362.67 32.435 
401.03 362.67 32.435 
401.03 362.67 32.435 
401.03 362.67 32.438 
401.03 362.67 32.441 
401.03 362.67 32.442 
401.03 362.67 32.442 
401.03 362.67 32.443 
401.03 362.67 32.443 
401.03 362.67 32.443 
401.03 362.67 32.443 
401.03 362.67 32.445 
401.03 362.67 32.448 
401.03 362.67 32.449 
401.03 362.67 32.449 
401.03 362.68 32.449 
401.03 362.68 32.449 
401.03 362.68 32.449 
401.03 362.68 32.448 
401.03 362.68 32.447 
401.03 362.68 32.447 
401.03 362.68 32.447 
401.03 362.68 32.447 
401.03 362.68 32.446 
401.03 362.68 32.446 
401.03 362.68 32.446 
401.03 362.68 32.446 
401.03 362.68 32.446 
401.03 362.68 32.446 
401.03 362.68 32.446 
401.03 362.68 32.446 
401.03 362.68 32.446 
401.03 362.67 32.445 
401.03 362.67 32.445 
401.03 362.67 32.441 
401.03 362.67 32.439 
401.03 362.67 32.438 
401.03 362.67 32.438 
401.04 362.67 32.436 
401.04 362.66 32.436 
401.04 362.66 32.435 
401.04 362.66 32.435 
401.04 362.66 32.436 
401.04 362.66 32.437 
401.05 362.66 32.439 
401.05 362.66 32.444 
401.05 362.66 32.454 
401.06 362.66 32.463 
401.06 362.66 32.479 
401.06 362.67 32.5 
401.06 362.67 32.518 
401.07 362.67 32.533 
401.06 362.68 32.553 
401.06 362.68 32.576 
401.06 362.69 32.598 
401.05 362.7 32.626 
401.03 362.71 32.661 
401.02 362.73 32.708 
401 362.75 32.751 
400.97 362.77 32.804 
400.94 362.81 32.892 
400.88 362.85 33.044 
400.78 362.9 33.236 
400.69 362.96 33.417 
400.63 362.99 33.547 
400.59 363.01 33.624 
400.59 363.02 33.67 
400.57 363.02 33.694 
400.57 363.03 33.707 
400.57 363.03 33.717 
400.56 363.03 33.731 
400.53 363.05 33.767 
400.44 363.1 33.874 
400.19 363.26 34.069 
399.83 363.63 34.335 
399.56 363.9 34.549 
399.42 364.06 34.669 
399.36 364.14 34.727 
399.31 364.19 34.783 
399.28 364.24 34.814 
399.23 364.3 34.836 
399.15 364.38 34.883 
399.02 364.53 34.971 
398.88 364.7 35.059 
398.75 364.84 35.118 
398.63 364.98 35.174 
398.5 365.13 35.21 
398.36 365.31 35.252 
398.14 365.56 35.275 
397.85 365.92 35.295 
397.54 366.4 35.378 
397.3 366.83 35.437 
396.59 370.3 36.661 
396.63 369.51 36.412 
396.96 368 35.649 
396.53 370.62 36.636 
396.61 369.7 36.407 
397.11 367.38 35.284 
397.04 367.57 35.404 
397.02 367.6 35.411 
397.03 367.63 35.445 
397 367.69 35.544 
396.95 367.75 35.617 
396.9 367.82 35.727 
396.84 367.93 35.873 
396.79 368.02 36.024 
396.74 368.12 36.182 
396.69 368.21 36.337 
396.63 368.32 36.535 
396.57 368.44 36.749 
396.52 368.54 36.952 
396.46 368.62 37.106 
396.42 368.69 37.23 
396.39 368.75 37.339 
396.36 368.81 37.455 
396.31 368.88 37.573 
396.28 368.92 37.674 
396.27 368.94 37.751 
396.26 368.96 37.799 
396.22 368.96 37.831 
396.13 368.93 37.878 
396.05 368.93 37.928 
396 368.93 37.963 
395.95 368.92 37.997 
395.87 368.92 38.027 
395.78 368.9 38.059 
395.71 368.9 38.087 
395.69 368.91 38.106 
395.69 368.92 38.118 
395.69 368.93 38.131 
395.68 368.94 38.141 
395.67 368.94 38.148 
395.66 368.94 38.163 
395.64 368.94 38.181 
395.61 368.94 38.201 
395.57 368.94 38.224 
395.53 368.94 38.245 
395.48 368.93 38.267 
395.44 368.93 38.28 
395.41 368.92 38.285 
395.39 368.92 38.287 
395.37 368.91 38.29 
395.36 368.91 38.292 
395.36 368.91 38.292 
395.36 368.91 38.292 
395.36 368.91 38.292 
395.35 368.91 38.294 
395.34 368.91 38.298 
395.34 368.91 38.298 
395.33 368.91 38.299 
395.33 368.91 38.299 
395.33 368.91 38.299 
395.32 368.9 38.3 
395.32 368.9 38.3 
395.33 368.9 38.298 
395.34 368.91 38.292 
395.38 368.92 38.276 
395.45 368.93 38.25 
395.55 368.96 38.221 
395.67 368.99 38.194 
395.75 369.02 38.178 
395.81 369.03 38.16 
395.85 369.05 38.147 
395.9 369.06 38.142 
395.95 369.07 38.129 
396 369.08 38.118 
396.03 369.08 38.104 
396.04 369.08 38.097 
396.05 369.09 38.091 
396.05 369.09 38.091 
396.05 369.09 38.091 
396.05 369.09 38.091 
396.06 369.09 38.091 
396.06 369.09 38.09 
396.06 369.09 38.09 
396.06 369.09 38.09 
396.06 369.1 38.091 
396.06 369.1 38.091 
396.06 369.1 38.094 
396.06 369.1 38.094 
396.06 369.11 38.096 
396.06 369.11 38.097 
396.06 369.11 38.1 
396.06 369.11 38.101 
396.06 369.12 38.103 
396.06 369.13 38.107 
396.06 369.13 38.106 
396.05 369.14 38.11 
396.05 369.14 38.111 
396.05 369.14 38.111 
396.05 369.14 38.111 
396.05 369.15 38.112 
396.05 369.15 38.112 
396.05 369.16 38.111 
396.05 369.16 38.105 
396.06 369.16 38.094 
396.07 369.14 38.057 
396.09 369.09 37.969 
396.13 369.02 37.829 
396.19 368.93 37.666 
396.25 368.83 37.472 
396.31 368.7 37.251 
396.37 368.59 37.068 
396.41 368.48 36.919 
396.46 368.4 36.777 
396.49 368.33 36.656 
396.52 368.26 36.574 
396.55 368.24 36.534 
396.56 368.23 36.517 
396.58 368.2 36.497 
396.59 368.18 36.466 
396.61 368.13 36.417 
396.64 368.07 36.334 
396.67 367.99 36.262 
396.71 367.91 36.168 
396.76 367.8 36.05 
396.84 367.64 35.888 
396.51 370.4 36.737 
396.62 373.3 36.964 
396.8 372.59 36.701 
397.02 372.36 36.524 
397.43 368.87 35.555 
398.03 366.27 34.305 
398.04 366.25 34.322 
398.11 366.08 34.201 
398.18 365.91 34.059 
398.26 365.79 33.931 
398.34 365.69 33.861 
398.48 365.58 33.759 
398.59 365.5 33.692 
398.62 365.44 33.624 
398.63 365.37 33.583 
398.64 365.33 33.56 
398.65 365.29 33.534 
398.66 365.26 33.514 
398.66 365.23 33.49 
398.67 365.18 33.462 
398.68 365.1 33.428 
398.7 365 33.377 
398.73 364.87 33.331 
398.75 364.75 33.287 
398.8 364.57 33.221 
398.88 364.32 33.166 
398.96 364.08 33.128 
399.03 363.89 33.077 
399.09 363.73 33.029 
399.13 363.63 33.009 
399.17 363.54 32.993 
399.23 363.44 32.974 
399.3 363.3 32.927 
399.39 363.11 32.857 
399.55 362.9 32.76 
399.78 362.69 32.662 
399.96 362.54 32.534 
400.09 362.45 32.413 
400.16 362.39 32.298 
400.2 362.37 32.224 
400.22 362.36 32.19 
400.25 362.36 32.154 
400.29 362.35 32.113 
400.33 362.34 32.072 
400.38 362.33 32.029 
400.45 362.31 31.984 
400.54 362.3 31.935 
400.66 362.29 31.875 
400.79 362.26 31.828 
400.88 362.23 31.774 
401 362.2 31.729 
401.09 362.16 31.695 
401.14 362.13 31.682 
401.17 362.11 31.662 
401.19 362.08 31.647 
401.21 362.04 31.638 
401.23 362 31.621 
401.25 361.95 31.609 
401.28 361.89 31.581 
401.32 361.8 31.548 
401.36 361.7 31.526 
401.39 361.6 31.513 
401.42 361.51 31.503 
401.45 361.46 31.489 
401.46 361.42 31.478 
401.48 361.38 31.468 
401.49 361.35 31.462 
401.5 361.33 31.463 
401.5 361.31 31.467 
401.51 361.3 31.481 
401.5 361.3 31.502 
401.48 361.32 31.569 
401.45 361.38 31.659 
401.39 361.48 31.747 
401.33 361.6 31.844 
401.29 361.73 31.929 
401.25 361.86 32.014 
401.23 361.97 32.085 
401.19 362.05 32.121 
401.18 362.11 32.152 
401.16 362.14 32.163 
401.16 362.15 32.17 
401.16 362.16 32.172 
401.15 362.17 32.168 
401.15 362.18 32.166 
401.15 362.18 32.162 
401.14 362.19 32.159 
401.14 362.2 32.157 
401.14 362.2 32.156 
401.14 362.21 32.157 
401.14 362.21 32.156 
401.14 362.21 32.156 
401.14 362.21 32.157 
401.14 362.22 32.159 
401.14 362.22 32.161 
401.14 362.23 32.166 
401.14 362.24 32.171 
401.14 362.24 32.177 
401.14 362.25 32.19 
401.14 362.26 32.198 
401.14 362.26 32.204 
401.14 362.26 32.21 
401.14 362.26 32.213 
401.14 362.26 32.213 
401.14 362.26 32.213 
401.14 362.26 32.213 
401.14 362.26 32.213 
401.14 362.26 32.213 
401.14 362.26 32.215 
401.14 362.26 32.215 
401.14 362.26 32.216 
401.14 362.26 32.218 
401.14 362.26 32.219 
401.14 362.26 32.219 
401.14 362.26 32.219 
401.14 362.26 32.22 
401.14 362.26 32.22 
401.14 362.26 32.22 
401.14 362.27 32.22 
401.14 362.27 32.22 
401.14 362.27 32.22 
401.14 362.27 32.22 
401.14 362.27 32.22 
401.14 362.27 32.22 
401.13 362.27 32.22 
401.13 362.27 32.218 
401.13 362.27 32.218 
401.13 362.27 32.218 
401.13 362.27 32.217 
401.13 362.27 32.217 
401.13 362.27 32.217 
401.13 362.27 32.217 
401.13 362.27 32.217 
401.13 362.27 32.217 
401.13 362.27 32.217 
401.13 362.27 32.217 
401.13 362.27 32.217 
401.13 362.27 32.217 
401.13 362.27 32.217 
401.13 362.27 32.217 
401.13 362.27 32.217 
401.13 362.27 32.217 
401.13 362.27 32.217 
401.13 362.27 32.216 
401.13 362.27 32.214 
401.13 362.27 32.214 
401.13 362.27 32.214 
401.13 362.27 32.214 
401.13 362.27 32.213 
401.13 362.27 32.211 
401.13 362.27 32.211 
401.13 362.27 32.211 
401.13 362.27 32.21 
401.13 362.27 32.209 
401.13 362.27 32.208 
401.13 362.27 32.208 
401.13 362.27 32.208 
401.13 362.27 32.208 
401.13 362.27 32.208 
401.13 362.27 32.208 
401.13 362.27 32.208 
401.13 362.27 32.208 
401.13 362.27 32.203 
401.13 362.27 32.199 
401.12 362.27 32.197 
401.12 362.27 32.195 
401.12 362.27 32.186 
401.12 362.27 32.177 
401.11 362.27 32.171 
