0 8.02 1 
Linear 3 0.02 
425.09 330.4 2.758 
425.09 330.4 2.7589 
425.09 330.4 2.7589 
425.09 330.4 2.7589 
425.09 330.4 2.7598 
425.09 330.4 2.7602 
425.09 330.4 2.7602 
425.09 330.4 2.7618 
425.09 330.4 2.7618 
425.08 330.4 2.7629 
425.08 330.4 2.7629 
425.09 330.4 2.7642 
425.09 330.4 2.7642 
425.09 330.4 2.7642 
425.09 330.4 2.7642 
425.08 330.4 2.766 
425.08 330.4 2.766 
425.08 330.4 2.766 
425.08 330.4 2.7672 
425.08 330.4 2.77 
425.08 330.4 2.7707 
425.08 330.4 2.7707 
425.08 330.4 2.7707 
425.08 330.4 2.7707 
425.08 330.4 2.7709 
425.08 330.4 2.7709 
425.08 330.4 2.7716 
425.08 330.41 2.7733 
425.08 330.41 2.7722 
425.08 330.41 2.7722 
425.08 330.41 2.7718 
425.07 330.41 2.7712 
425.07 330.41 2.7707 
425.07 330.41 2.7703 
425.07 330.41 2.769 
425.07 330.41 2.7684 
425.07 330.41 2.7668 
425.07 330.41 2.7668 
425.07 330.41 2.7668 
425.07 330.41 2.7668 
425.07 330.41 2.7668 
425.07 330.41 2.7668 
425.07 330.41 2.7654 
425.07 330.41 2.7654 
425.07 330.41 2.7654 
425.07 330.41 2.7654 
425.07 330.41 2.7654 
425.07 330.41 2.7654 
425.07 330.41 2.7634 
425.07 330.41 2.7587 
425.08 330.41 2.7554 
425.08 330.41 2.754 
425.08 330.41 2.7536 
425.08 330.4 2.7507 
425.08 330.4 2.75 
425.08 330.4 2.7486 
425.08 330.4 2.7478 
425.09 330.4 2.7481 
425.09 330.4 2.7483 
425.09 330.4 2.7488 
425.09 330.4 2.7519 
425.09 330.41 2.7609 
425.1 330.41 2.7678 
425.1 330.41 2.7821 
425.1 330.41 2.8037 
425.11 330.42 2.8223 
425.11 330.42 2.8397 
425.1 330.42 2.8592 
425.1 330.43 2.884 
425.1 330.43 2.9083 
425.09 330.43 2.9408 
425.07 330.45 2.981 
425.06 330.45 3.0379 
425.05 330.46 3.0935 
425.02 330.48 3.1614 
424.99 330.49 3.2746 
424.94 330.5 3.4656 
424.85 330.51 3.7174 
424.77 330.52 3.9549 
424.73 330.52 4.1358 
424.69 330.52 4.2398 
424.69 330.52 4.2945 
424.68 330.52 4.3208 
424.67 330.53 4.3347 
424.67 330.53 4.3467 
424.66 330.53 4.3658 
424.64 330.53 4.4227 
424.57 330.55 4.5796 
424.36 330.64 4.8897 
424.07 330.92 5.3147 
423.86 331.12 5.6512 
423.74 331.24 5.8468 
423.7 331.29 5.9378 
423.66 331.33 6.0152 
423.64 331.38 6.0676 
423.6 331.42 6.1193 
423.55 331.48 6.211 
423.45 331.58 6.3684 
423.33 331.71 6.5302 
423.23 331.82 6.6526 
423.13 331.92 6.7647 
423.02 332.03 6.8636 
422.89 332.16 6.9787 
422.7 332.34 7.1055 
422.43 332.6 7.2628 
422.13 332.97 7.4964 
421.91 333.3 7.6898 
420.81 336.46 8.9391 
420.96 335.71 8.7493 
421.48 334.27 8.0711 
420.71 336.68 8.9964 
420.92 335.83 8.799 
421.73 333.63 7.8105 
421.63 333.81 7.9227 
421.61 333.82 7.9341 
421.61 333.83 7.9896 
421.59 333.87 8.1284 
421.55 333.91 8.2514 
421.51 333.94 8.416 
421.47 334 8.6322 
421.44 334.04 8.8555 
421.41 334.11 9.087 
421.39 334.16 9.3099 
421.36 334.23 9.5863 
421.35 334.3 9.8989 
421.33 334.36 10.194 
421.31 334.4 10.431 
421.3 334.44 10.622 
421.29 334.48 10.78 
421.28 334.51 10.953 
421.27 334.56 11.131 
421.27 334.58 11.287 
421.28 334.59 11.403 
421.28 334.6 11.47 
421.25 334.59 11.516 
421.17 334.55 11.586 
421.1 334.53 11.657 
421.04 334.52 11.708 
421 334.51 11.758 
420.93 334.5 11.806 
420.83 334.46 11.858 
420.77 334.45 11.904 
420.75 334.46 11.931 
420.75 334.47 11.944 
420.74 334.47 11.958 
420.73 334.48 11.969 
420.73 334.48 11.978 
420.72 334.48 11.999 
420.7 334.47 12.025 
420.67 334.47 12.05 
420.63 334.46 12.082 
420.58 334.45 12.111 
420.54 334.44 12.139 
420.49 334.43 12.157 
420.46 334.42 12.168 
420.44 334.41 12.173 
420.42 334.4 12.179 
420.41 334.4 12.183 
420.41 334.4 12.182 
420.41 334.4 12.182 
420.41 334.4 12.183 
420.4 334.4 12.186 
420.4 334.4 12.191 
420.39 334.4 12.193 
420.38 334.4 12.193 
420.38 334.4 12.193 
420.38 334.4 12.194 
420.37 334.39 12.196 
420.37 334.39 12.196 
420.38 334.39 12.196 
420.4 334.39 12.191 
420.44 334.41 12.172 
420.51 334.43 12.141 
420.61 334.46 12.101 
420.72 334.51 12.064 
420.81 334.54 12.039 
420.88 334.56 12.017 
420.92 334.58 12.001 
420.96 334.6 11.991 
421.02 334.61 11.973 
421.06 334.62 11.958 
421.09 334.63 11.939 
421.11 334.63 11.928 
421.12 334.64 11.92 
421.12 334.64 11.92 
421.12 334.64 11.92 
421.12 334.64 11.919 
421.12 334.64 11.919 
421.12 334.65 11.918 
421.12 334.65 11.918 
421.12 334.65 11.918 
421.12 334.65 11.919 
421.12 334.65 11.919 
421.12 334.65 11.92 
421.12 334.65 11.921 
421.12 334.66 11.923 
421.12 334.66 11.923 
421.12 334.66 11.924 
421.12 334.67 11.925 
421.12 334.67 11.926 
421.11 334.68 11.927 
421.11 334.68 11.928 
421.11 334.69 11.929 
421.11 334.69 11.929 
421.11 334.69 11.929 
421.11 334.69 11.928 
421.11 334.7 11.926 
421.1 334.71 11.922 
421.1 334.71 11.916 
421.1 334.72 11.901 
421.1 334.72 11.877 
421.1 334.72 11.806 
421.1 334.71 11.661 
421.11 334.67 11.45 
421.14 334.62 11.203 
421.15 334.56 10.904 
421.17 334.49 10.582 
421.21 334.42 10.318 
421.23 334.36 10.09 
421.24 334.31 9.8758 
421.26 334.27 9.6972 
421.28 334.23 9.5782 
421.3 334.22 9.518 
421.31 334.21 9.4884 
421.32 334.2 9.4562 
421.33 334.18 9.4072 
421.34 334.15 9.3296 
421.35 334.1 9.2075 
421.37 334.06 9.095 
421.39 334 8.9571 
421.42 333.92 8.7813 
421.48 333.79 8.5437 
420.66 336.43 9.1164 
420.29 339.11 9.2122 
420.52 338.54 8.8047 
420.72 338.38 8.5274 
421.55 335.21 7.5308 
422.4 332.8 6.2827 
422.36 332.83 6.194 
422.41 332.7 6.0008 
422.45 332.57 5.7872 
422.52 332.48 5.6077 
422.59 332.41 5.4999 
422.72 332.34 5.3406 
422.81 332.3 5.2204 
422.84 332.26 5.1236 
422.84 332.21 5.0607 
422.85 332.17 5.0213 
422.87 332.15 4.988 
422.87 332.12 4.9587 
422.87 332.09 4.9225 
422.87 332.05 4.8782 
422.88 332 4.8238 
422.9 331.91 4.7471 
422.91 331.81 4.6644 
422.92 331.71 4.5799 
422.96 331.57 4.4629 
423.02 331.37 4.3349 
423.09 331.18 4.2278 
423.14 331.02 4.119 
423.2 330.9 4.0299 
423.23 330.82 3.9747 
423.27 330.75 3.9344 
423.32 330.67 3.8865 
423.37 330.57 3.7938 
423.45 330.42 3.6662 
423.59 330.26 3.4891 
423.8 330.12 3.2935 
423.97 330.04 3.084 
424.09 330 2.9024 
424.16 329.97 2.7503 
424.21 329.97 2.6583 
424.24 329.98 2.6097 
424.27 329.99 2.5649 
424.31 330 2.5117 
424.36 330.01 2.4563 
424.41 330.01 2.3961 
424.48 330.02 2.3252 
424.58 330.04 2.2401 
424.7 330.08 2.1372 
424.83 330.09 2.0429 
424.92 330.1 1.9446 
425.04 330.11 1.8572 
425.13 330.1 1.7921 
425.18 330.1 1.75 
425.2 330.08 1.7107 
425.22 330.07 1.6781 
425.23 330.05 1.6552 
425.25 330.02 1.6189 
425.26 329.99 1.5775 
425.27 329.95 1.5098 
425.3 329.89 1.4324 
425.32 329.82 1.3644 
425.34 329.75 1.308 
425.36 329.69 1.262 
425.37 329.66 1.2208 
425.38 329.63 1.1888 
425.39 329.6 1.1608 
425.4 329.58 1.1426 
425.41 329.57 1.1328 
425.41 329.56 1.1286 
425.41 329.56 1.137 
425.41 329.56 1.1565 
425.4 329.58 1.2373 
425.38 329.62 1.3612 
425.35 329.68 1.4998 
425.31 329.75 1.663 
425.29 329.83 1.8135 
425.26 329.92 1.9633 
425.27 329.98 2.1031 
425.25 330.02 2.1909 
425.23 330.06 2.2478 
425.22 330.08 2.2761 
425.22 330.08 2.2929 
425.22 330.09 2.2994 
425.22 330.1 2.3 
425.22 330.1 2.3018 
425.21 330.1 2.3022 
425.21 330.11 2.301 
425.21 330.11 2.302 
425.21 330.11 2.3026 
425.21 330.12 2.3037 
425.21 330.12 2.3041 
425.21 330.12 2.3051 
425.21 330.12 2.3076 
425.21 330.13 2.3113 
425.21 330.13 2.3158 
425.21 330.13 2.3247 
425.21 330.14 2.335 
425.21 330.14 2.3442 
425.21 330.14 2.3626 
425.21 330.14 2.3745 
425.21 330.14 2.3825 
425.21 330.14 2.3892 
425.21 330.14 2.3943 
425.21 330.14 2.3943 
425.21 330.14 2.3948 
425.21 330.14 2.3948 
425.21 330.14 2.3948 
425.21 330.14 2.3948 
425.21 330.14 2.3972 
425.21 330.14 2.3972 
425.21 330.14 2.3986 
425.21 330.14 2.401 
425.21 330.14 2.4039 
425.21 330.14 2.4039 
425.21 330.14 2.4039 
425.21 330.14 2.4074 
425.21 330.14 2.4074 
425.21 330.14 2.4074 
425.21 330.15 2.4082 
425.21 330.15 2.4082 
425.21 330.15 2.4082 
425.21 330.15 2.4082 
425.21 330.15 2.4082 
425.21 330.15 2.4082 
425.21 330.14 2.4084 
425.21 330.14 2.4084 
425.21 330.14 2.4084 
425.2 330.14 2.4074 
425.2 330.14 2.4068 
425.2 330.14 2.4068 
425.2 330.14 2.4068 
425.2 330.14 2.4068 
425.2 330.14 2.4068 
425.2 330.14 2.4068 
425.2 330.14 2.4068 
425.2 330.14 2.4068 
425.2 330.14 2.4068 
425.2 330.14 2.4068 
425.2 330.14 2.4068 
425.2 330.14 2.4068 
425.2 330.14 2.4068 
425.2 330.14 2.4068 
425.2 330.14 2.4068 
425.2 330.14 2.4064 
425.2 330.14 2.4045 
425.2 330.14 2.4045 
425.2 330.14 2.4045 
425.2 330.14 2.4045 
425.2 330.14 2.4031 
425.2 330.14 2.4012 
425.2 330.14 2.4012 
425.2 330.14 2.4012 
425.2 330.14 2.4001 
425.2 330.14 2.3987 
425.2 330.14 2.3981 
425.2 330.14 2.3979 
425.2 330.14 2.3979 
425.2 330.14 2.3979 
425.2 330.14 2.3979 
425.2 330.14 2.3979 
425.2 330.14 2.3979 
425.2 330.14 2.3979 
425.19 330.14 2.3927 
425.19 330.14 2.3879 
425.19 330.14 2.3853 
425.19 330.14 2.3828 
425.18 330.14 2.3725 
425.17 330.14 2.3629 
425.17 330.14 2.3556 
