0 8.02 1 
Linear 3 0.02 
395.98 355.52 -6.027 
395.98 355.52 -6.0261 
395.98 355.52 -6.0261 
395.98 355.52 -6.0261 
395.98 355.52 -6.0241 
395.98 355.52 -6.0241 
395.98 355.52 -6.023 
395.98 355.51 -6.0221 
395.98 355.51 -6.0221 
395.98 355.52 -6.0201 
395.98 355.52 -6.0201 
395.98 355.52 -6.019 
395.98 355.52 -6.018 
395.98 355.52 -6.018 
395.98 355.52 -6.018 
395.98 355.52 -6.0165 
395.98 355.52 -6.0165 
395.98 355.52 -6.0165 
395.98 355.52 -6.014 
395.98 355.52 -6.0111 
395.98 355.52 -6.0107 
395.98 355.52 -6.0107 
395.98 355.52 -6.0107 
395.98 355.52 -6.0107 
395.98 355.52 -6.01 
395.98 355.52 -6.01 
395.98 355.53 -6.0078 
395.98 355.53 -6.0075 
395.98 355.54 -6.0071 
395.98 355.54 -6.0067 
395.98 355.54 -6.0079 
395.98 355.55 -6.0081 
395.98 355.55 -6.009 
395.98 355.55 -6.0094 
395.98 355.55 -6.01 
395.98 355.55 -6.0112 
395.99 355.55 -6.0116 
395.99 355.55 -6.0116 
395.98 355.55 -6.0122 
395.99 355.55 -6.0132 
395.99 355.55 -6.0132 
395.99 355.55 -6.0132 
395.99 355.55 -6.0136 
395.99 355.55 -6.0136 
395.99 355.55 -6.0136 
395.99 355.55 -6.0136 
395.99 355.55 -6.0136 
395.99 355.55 -6.0136 
395.99 355.55 -6.015 
395.99 355.55 -6.0192 
395.99 355.55 -6.0219 
396 355.56 -6.0232 
396 355.56 -6.0232 
396 355.55 -6.0252 
396 355.55 -6.0268 
396 355.55 -6.0269 
396.01 355.55 -6.0274 
396.01 355.55 -6.0268 
396.01 355.55 -6.0255 
396.01 355.55 -6.0228 
396.01 355.55 -6.0184 
396.01 355.55 -6.0082 
396.01 355.55 -5.9985 
396.01 355.55 -5.9824 
396.01 355.55 -5.9594 
396.01 355.55 -5.9402 
396.01 355.55 -5.9232 
396 355.55 -5.9026 
396 355.55 -5.8789 
395.99 355.55 -5.8555 
395.98 355.56 -5.8251 
395.96 355.57 -5.7902 
395.95 355.57 -5.7421 
395.94 355.58 -5.6958 
395.92 355.59 -5.6419 
395.89 355.6 -5.5507 
395.84 355.6 -5.3941 
395.77 355.61 -5.1959 
395.7 355.62 -5.0094 
395.66 355.61 -4.8736 
395.64 355.6 -4.7927 
395.64 355.61 -4.7465 
395.62 355.61 -4.722 
395.62 355.61 -4.7088 
395.62 355.61 -4.6996 
395.61 355.61 -4.685 
395.59 355.61 -4.646 
395.52 355.62 -4.5342 
395.35 355.71 -4.334 
395.12 356.01 -4.0701 
394.94 356.2 -3.8518 
394.86 356.32 -3.7297 
394.83 356.38 -3.6741 
394.79 356.42 -3.6148 
394.77 356.45 -3.5834 
394.74 356.5 -3.5596 
394.7 356.55 -3.5097 
394.61 356.64 -3.4169 
394.52 356.77 -3.3256 
394.43 356.87 -3.2624 
394.34 356.97 -3.2004 
394.25 357.08 -3.1602 
394.14 357.2 -3.1119 
393.99 357.39 -3.0803 
393.77 357.65 -3.0492 
393.52 358.02 -2.9503 
393.34 358.35 -2.8725 
393.03 362.32 -1.7934 
392.92 361.28 -1.9777 
393.11 359.47 -2.6615 
392.98 362.56 -1.8054 
392.91 361.42 -1.9738 
393.22 358.65 -2.9748 
393.15 358.86 -2.8617 
393.13 358.88 -2.8536 
393.14 358.89 -2.8144 
393.13 358.93 -2.7106 
393.1 358.95 -2.6337 
393.08 358.98 -2.5152 
393.05 359.04 -2.3618 
393.04 359.07 -2.2012 
393.02 359.12 -2.0325 
393 359.16 -1.8679 
392.98 359.2 -1.6591 
392.98 359.24 -1.4316 
392.96 359.27 -1.2148 
392.96 359.29 -1.0499 
392.95 359.31 -0.9164 
392.95 359.33 -0.80085 
392.94 359.35 -0.67642 
392.94 359.38 -0.55183 
392.94 359.38 -0.44292 
392.94 359.36 -0.3579 
392.94 359.36 -0.30652 
392.91 359.35 -0.27458 
392.85 359.32 -0.22966 
392.8 359.32 -0.18173 
392.76 359.32 -0.14815 
392.73 359.31 -0.11406 
392.68 359.31 -0.087445 
392.61 359.3 -0.061272 
392.57 359.3 -0.036828 
392.56 359.31 -0.018024 
392.56 359.33 -0.0055284 
392.56 359.34 0.0080998 
392.56 359.34 0.015747 
392.55 359.35 0.022822 
392.54 359.35 0.038665 
392.53 359.34 0.056445 
392.51 359.35 0.075721 
392.48 359.34 0.097752 
392.44 359.34 0.11688 
392.41 359.34 0.13674 
392.38 359.34 0.14816 
392.36 359.34 0.15322 
392.34 359.33 0.15428 
392.32 359.33 0.15663 
392.32 359.32 0.15758 
392.32 359.33 0.15832 
392.32 359.33 0.15832 
392.32 359.33 0.15822 
392.31 359.33 0.16074 
392.3 359.33 0.16268 
392.3 359.33 0.16339 
392.3 359.33 0.16403 
392.3 359.33 0.16403 
392.29 359.33 0.16426 
392.29 359.33 0.16488 
392.29 359.33 0.16488 
392.29 359.32 0.16415 
392.3 359.32 0.1601 
392.33 359.32 0.14724 
392.38 359.33 0.12661 
392.46 359.34 0.10224 
392.54 359.36 0.081597 
392.61 359.37 0.068858 
392.66 359.38 0.053603 
392.69 359.38 0.043296 
392.73 359.39 0.040901 
392.76 359.4 0.031426 
392.79 359.39 0.02378 
392.82 359.4 0.010303 
392.83 359.39 0.004103 
392.83 359.4 -0.0015833 
392.83 359.4 -0.0019105 
392.83 359.4 -0.00091048 
392.84 359.4 -0.0015648 
392.84 359.4 -0.001477 
392.84 359.4 -0.0023892 
392.84 359.4 -0.0016472 
392.84 359.4 -0.0016472 
392.84 359.41 -0.0012322 
392.84 359.41 0.00025189 
392.83 359.41 0.0015659 
392.83 359.41 0.0034649 
392.83 359.41 0.0047789 
392.83 359.42 0.0060928 
392.83 359.42 0.0090611 
392.83 359.42 0.010048 
392.83 359.43 0.011934 
392.83 359.44 0.015549 
392.82 359.44 0.01612 
392.82 359.45 0.018565 
392.82 359.45 0.019137 
392.82 359.45 0.01881 
392.82 359.45 0.01864 
392.82 359.46 0.019374 
392.82 359.48 0.018114 
392.82 359.49 0.016124 
392.82 359.5 0.0066057 
392.82 359.51 -0.0072643 
392.83 359.52 -0.052201 
392.83 359.53 -0.15218 
392.84 359.53 -0.30591 
392.86 359.5 -0.48132 
392.87 359.48 -0.69168 
392.88 359.44 -0.9268 
392.9 359.38 -1.1203 
392.9 359.34 -1.2813 
392.92 359.31 -1.434 
392.92 359.29 -1.5637 
392.94 359.25 -1.6501 
392.96 359.24 -1.6935 
392.96 359.23 -1.7108 
392.97 359.22 -1.7336 
392.97 359.21 -1.7665 
392.98 359.19 -1.8195 
392.99 359.15 -1.9076 
393 359.11 -1.9838 
393.02 359.06 -2.0831 
393.04 359 -2.2097 
393.09 358.89 -2.3827 
393.02 362.38 -1.7166 
393.62 366.03 -1.6797 
393.58 365.27 -1.9168 
393.69 365.06 -2.0871 
393.52 360.92 -2.8742 
393.82 357.94 -4.0119 
393.79 358.02 -4.0116 
393.83 357.91 -4.1415 
393.86 357.8 -4.2918 
393.93 357.72 -4.427 
393.97 357.64 -4.4976 
394.09 357.58 -4.6069 
394.17 357.53 -4.6759 
394.2 357.5 -4.752 
394.2 357.46 -4.7966 
394.2 357.42 -4.8198 
394.21 357.39 -4.8478 
394.22 357.37 -4.8692 
394.22 357.34 -4.8958 
394.22 357.31 -4.9248 
394.23 357.26 -4.9637 
394.24 357.18 -5.0176 
394.25 357.08 -5.0689 
394.26 357 -5.1185 
394.29 356.87 -5.1933 
394.34 356.69 -5.2581 
394.4 356.51 -5.3045 
394.46 356.37 -5.366 
394.51 356.26 -5.4213 
394.54 356.18 -5.4452 
394.57 356.12 -5.4634 
394.6 356.03 -5.4837 
394.66 355.94 -5.5363 
394.73 355.79 -5.6133 
394.85 355.65 -5.7191 
395.02 355.51 -5.8224 
395.17 355.41 -5.9562 
395.26 355.37 -6.0803 
395.31 355.33 -6.198 
395.35 355.33 -6.2753 
395.38 355.33 -6.3114 
395.4 355.33 -6.3474 
395.43 355.33 -6.3872 
395.46 355.32 -6.4269 
395.49 355.31 -6.4685 
395.53 355.3 -6.5123 
395.6 355.3 -6.5581 
395.68 355.3 -6.6162 
395.76 355.28 -6.6599 
395.82 355.27 -6.7125 
395.9 355.25 -6.756 
395.97 355.23 -6.7882 
396 355.21 -6.8015 
396.02 355.21 -6.8228 
396.04 355.19 -6.841 
396.05 355.17 -6.8509 
396.06 355.15 -6.8694 
396.07 355.12 -6.8839 
396.08 355.09 -6.9158 
396.11 355.04 -6.9547 
396.12 354.98 -6.9817 
396.14 354.92 -6.9979 
396.15 354.87 -7.0105 
396.16 354.84 -7.0266 
396.17 354.82 -7.0401 
396.18 354.79 -7.0521 
396.19 354.78 -7.0592 
396.2 354.77 -7.0601 
396.2 354.76 -7.0577 
396.2 354.76 -7.0462 
396.2 354.76 -7.0277 
396.2 354.79 -6.9623 
396.2 354.83 -6.8734 
396.18 354.9 -6.7863 
396.17 354.98 -6.6897 
396.17 355.07 -6.6033 
396.17 355.16 -6.5143 
396.18 355.21 -6.4379 
396.18 355.25 -6.4003 
396.17 355.29 -6.3664 
396.17 355.3 -6.3556 
396.17 355.31 -6.3476 
396.17 355.32 -6.3453 
396.17 355.32 -6.3482 
396.16 355.33 -6.3505 
396.16 355.33 -6.3532 
396.16 355.34 -6.3572 
396.16 355.34 -6.3576 
396.16 355.35 -6.3587 
396.16 355.35 -6.3582 
396.16 355.35 -6.3586 
396.16 355.35 -6.3589 
396.16 355.35 -6.3568 
396.16 355.35 -6.3545 
396.16 355.35 -6.352 
396.16 355.36 -6.346 
396.16 355.36 -6.3401 
396.16 355.36 -6.3343 
396.16 355.36 -6.321 
396.16 355.36 -6.311 
396.16 355.36 -6.3053 
396.16 355.36 -6.2999 
396.16 355.36 -6.2947 
396.16 355.36 -6.2947 
396.16 355.36 -6.2947 
396.16 355.36 -6.2947 
396.16 355.36 -6.2947 
396.16 355.36 -6.2947 
396.16 355.36 -6.292 
396.16 355.36 -6.292 
396.16 355.36 -6.2914 
396.16 355.36 -6.29 
396.16 355.36 -6.288 
396.16 355.36 -6.288 
396.16 355.36 -6.288 
396.16 355.36 -6.2862 
396.16 355.36 -6.2862 
396.16 355.36 -6.2862 
396.16 355.36 -6.2859 
396.16 355.36 -6.2859 
396.16 355.36 -6.2859 
396.16 355.36 -6.2859 
396.16 355.36 -6.2859 
396.16 355.36 -6.2859 
396.15 355.36 -6.2864 
396.15 355.36 -6.2877 
396.15 355.36 -6.2877 
396.15 355.36 -6.2874 
396.15 355.36 -6.2887 
396.15 355.36 -6.2887 
396.15 355.36 -6.2887 
396.15 355.36 -6.2887 
396.15 355.36 -6.2887 
396.15 355.36 -6.2887 
396.15 355.36 -6.2887 
396.15 355.36 -6.2887 
396.15 355.36 -6.2887 
396.15 355.36 -6.2887 
396.15 355.36 -6.2887 
396.15 355.36 -6.2884 
396.15 355.36 -6.2884 
396.15 355.36 -6.2884 
396.15 355.36 -6.2884 
396.15 355.36 -6.289 
396.15 355.35 -6.2905 
396.15 355.35 -6.2905 
396.15 355.35 -6.2905 
396.15 355.35 -6.2905 
396.15 355.35 -6.2919 
396.15 355.35 -6.2938 
396.15 355.35 -6.2938 
396.15 355.35 -6.2938 
396.15 355.35 -6.2944 
396.15 355.35 -6.2963 
396.15 355.36 -6.2969 
396.15 355.36 -6.2969 
396.15 355.36 -6.2969 
396.15 355.36 -6.2969 
396.15 355.36 -6.2969 
396.15 355.36 -6.2969 
396.15 355.36 -6.2969 
396.15 355.36 -6.2969 
396.14 355.36 -6.3013 
396.14 355.36 -6.3058 
396.14 355.36 -6.3083 
396.14 355.36 -6.3106 
396.13 355.36 -6.3191 
396.13 355.36 -6.3274 
396.12 355.36 -6.3337 
